83492084
101635486
101008133
100993285
83492084
101016790
101058359
96661748
66773643
99862142
99678515
99160277
67085908
99158691
98895393
99376042
67085908
98887980
98691894
97993197
75321722
97682435
96490448
97036514
66773643
96284692
93926752
66773643
94279083
94278450
93502532
67085908
93883759
93318213
93857900
11217956
92680849
92680185
92680172
44106461
91836155
87603289
91281318
44106461
91159173
91612670
90835621
54802325
91455867
88779041
90331998
67081292
88100602
87960336
67081292
90147619
81647775
65492829
11217956
89888994
89517721
88100671
11217956
87866915
87582192
87592519
43924153
88255880
87054916
85444660
11217956
84441714
85256462
87645053
36264193
65091422
87150845
84999782
11217956
85137433
85137414
11217956
85005934
85255906
84709895
43924153
84715674
85042408
84716247
6597807
83470267
83368040
83492084
11254535
82075493
81140794
78527518
40639597
77756018
77117341
76798342
11254535
77109361
76798464
76798064
36264193
76798413
76589453
19462200
73842403
76308647
76307576
40639597
76266779
76206341
75790246
43924153
75790376
75582944
75581509
75515658
